0.0 0.0 0.0 0.0 0.0 0.0 0.0 0.0 0.0 0.0 0.0 
0.0 0.0 347188.0 560593.0 981175.0 568772.0 1874370.0 2091419.0 2176037.0 1914704.0 1868649.0 
0.0 347399.0 0.0 913689.0 1334272.0 627499.0 1667381.0 2124518.0 2209135.0 2066754.0 1901748.0 
0.0 560896.0 914074.0 0.0 584532.0 639444.0 2167908.0 2054068.0 1901408.0 1714732.0 1832950.0 
0.0 982759.0 1335937.0 586998.0 0.0 709026.0 1954812.0 1750033.0 1421275.0 1152536.0 1378375.0 
0.0 578079.0 626347.0 675435.0 709477.0 0.0 1486451.0 1500086.0 1584704.0 1442323.0 1277316.0 
0.0 1878092.0 1670083.0 2173854.0 1956353.0 1488199.0 0.0 552328.0 1534691.0 1553227.0 992533.0 
0.0 2089274.0 2122639.0 2056690.0 1749619.0 1497706.0 549379.0 0.0 1087320.0 1105856.0 534896.0 
0.0 2175326.0 2208691.0 1905473.0 1414445.0 1583758.0 1534249.0 1086067.0 0.0 280946.0 553777.0 
0.0 1904265.0 2068022.0 1609729.0 1146652.0 1443089.0 1553413.0 1105231.0 272897.0 0.0 572942.0 
0.0 1930022.0 1963387.0 1834793.0 1377157.0 1338454.0 993309.0 534143.0 552869.0 571405.0 0.0 
