0.0 0.0 0.0 0.0 0.0 0.0 0.0 0.0 0.0 0.0 0.0 
0.0 0.0 23033.0 37267.0 57966.0 34301.0 131800.0 132601.0 129043.0 125777.0 118245.0 
0.0 23299.0 0.0 58724.0 79423.0 41316.0 118352.0 138233.0 134675.0 132871.0 123877.0 
0.0 37938.0 59490.0 0.0 38602.0 50334.0 155371.0 143616.0 125507.0 108530.0 122922.0 
0.0 58972.0 80525.0 38950.0 0.0 45937.0 142977.0 120863.0 88377.0 71245.0 88758.0 
0.0 35117.0 41070.0 49709.0 46300.0 0.0 107839.0 100531.0 96973.0 95169.0 86175.0 
0.0 133741.0 120293.0 156468.0 145746.0 109429.0 0.0 45213.0 96651.0 100865.0 70856.0 
0.0 133271.0 138627.0 144002.0 121326.0 100884.0 45191.0 0.0 64547.0 68762.0 37530.0 
0.0 128782.0 134138.0 125039.0 88355.0 96395.0 95058.0 65283.0 0.0 18521.0 27502.0 
0.0 127405.0 132594.0 109683.0 71341.0 94851.0 99669.0 69895.0 18404.0 0.0 32114.0 
0.0 117984.0 123340.0 121150.0 86875.0 85597.0 69246.0 38180.0 27358.0 31573.0 0.0 
